../OBJ_Data/2ndFloorSprague/
../OBJ_Data/2ndFloorSprague/14db49e526f340dfba81c4a2da23c716.obj
1 0 .5 1 0 0 
1 0 .5 1 -1 0 
1 0 .5 0 -1 0 
1 0 .5 -1 -1 0 
1 0 .5 -1 0 0 
1 0 .5 -1 1 0 
1 0 .5 0 1 0 
1 2 .5 1 0 0 
1 2 .5 1 -1 0 
1 2 .5 0 -1 0 
1 2 .5 -1 -1 0 
1 2 .5 -1 0 0 
1 2 .5 -1 1 0 
1 2 .5 0 1 0 
3 2 .5 1 0 0 
3 2 .5 1 -1 0 
3 2 .5 0 -1 0 
3 2 .5 -1 -1 0 
3 2 .5 -1 0 0 
3 2 .5 -1 1 0 
3 2 .5 0 1 0 
-3 1 .5 1 0 0 
-3 1 .5 1 -1 0 
-3 1 .5 0 -1 0 
-3 1 .5 -1 -1 0 
-3 1 .5 -1 0 0 
-3 1 .5 -1 1 0 
-3 1 .5 0 1 0 
3 3 .5 1 0 0 
3 3 .5 1 -1 0 
3 3 .5 0 -1 0 
3 3 .5 -1 -1 0 
3 3 .5 -1 0 0 
3 3 .5 -1 1 0 
3 3 .5 0 1 0 
1 -1 .5 1 0 0 
1 -1 .5 1 -1 0 
1 -1 .5 0 -1 0 
1 -1 .5 -1 -1 0 
1 -1 .5 -1 0 0 
1 -1 .5 -1 1 0 
1 -1 .5 0 1 0 
-1 2 .5 1 0 0 
-1 2 .5 1 -1 0 
-1 2 .5 0 -1 0 
-1 2 .5 -1 -1 0 
-1 2 .5 -1 0 0 
-1 2 .5 -1 1 0 
-1 2 .5 0 1 0 