../OBJ_Data/2ndFloorSprague/
../OBJ_Data/2ndFloorSprague/14db49e526f340dfba81c4a2da23c716.obj
0 0 .05 1 0 0
1 0 .05 1 0 0
-1 0 .05 1 0 0
.00 .05 .05 .20 0 0 
.10 .05 .05 .25 0 0 
.15 .05 .05 .30 0 0 
.20 .05 .05 .35 0 0 
.25 .05 .05 .35 .40 0 
.30 .05 .05 .20 .20 0 
.30 .10 .05 -.35 -.40 0 
.30 .15 .05 .20 .20 0 
.30 .05 .05 .20 0 0 
.30 .05 .05 .25 0 0 
.30 -.05 .05 .25 0 0 
-.10 .20 .05 .25 0 0 
-.10 .18 .05 .30 .40 0 
.12 .15 .05 -.26 .20 .06 
.13 -.10 .05 .24 .40 .07 
.17 -.10 .05 .22 .20 .04 